2459630.8988542 -0.611201
2459630.9001505 -0.618847
2459630.9013194 -0.624092
2459630.9025810 -0.605707
2459630.9038426 -0.580537
2459630.9048843 -0.595896
2459630.9060301 -0.622446
2459630.9070718 -0.643143
2459630.9082176 -0.642560
2459630.9093287 -0.616218
2459630.9104630 -0.651177
2459630.9116204 -0.640584
2459630.9127662 -0.627496
2459630.9138426 -0.626312
2459630.9149537 -0.658257
2459630.9160995 -0.670134
2459630.9171412 -0.731695
2459630.9183218 -0.778510
2459630.9195370 -0.861228
2459630.9206829 -0.888332
2459630.9218287 -0.968588
2459630.9229745 -0.842317
2459630.9241204 -0.972107
2459630.9252662 -0.978053
2459630.9264120 -0.548361
2459630.9275579 -0.582526
2459630.9287037 -0.548016
2459630.9298495 -0.553639
2459630.9309954 -0.539377
2459630.9321528 -0.543608
2459630.9333218 -0.558337
2459630.9345718 -0.523429
2459630.9356134 -0.558196
2459630.9367593 -0.517013
2459630.9379051 -0.518053
2459630.9390509 -0.519761
2459630.9400926 -0.528043
2459630.9412384 -0.496125
2459630.9424884 -0.513620
2459630.9447801 -0.456075
2459630.9460301 -0.529563
2459630.9472222 -0.464810
2459630.9485417 -0.530872
2459630.9496875 -0.417578
2459630.9508333 -0.489935
2459630.9519792 -0.473664
2459630.9532407 -0.518188
2459630.9543750 -0.435576
2459630.9555208 -0.473173
2459630.9566782 -0.415176
2459630.9579167 -0.468042
2459630.9590625 -0.411533
2459630.9603125 -0.447431
2459630.9615741 -0.482881
2459630.9626042 -0.492762
2459630.9638657 -0.485458
2459630.9682523 -0.499607
2459630.9695255 -0.496632
2459630.9706713 -0.489357
2459630.9718171 -0.504279
2459630.9729630 -0.488995
2459630.9742130 -0.475968
2459630.9752894 -0.504255
2459630.9765394 -0.504010
2459630.9777894 -0.489615
2459630.9790394 -0.500668
2459630.9803241 -0.516708
2459630.9815741 -0.506642
2459630.9828241 -0.503118
2459630.9841088 -0.483261
2459630.9853588 -0.533718
2459630.9865046 -0.532483
2459630.9877546 -0.553766
2459630.9889005 -0.548804
2459630.9901505 -0.581430
2459630.9912963 -0.571856
2459630.9924769 -0.603969
2459630.9937616 -0.591310
2459630.9951505 -0.594525
2459630.9975463 -0.623573
2459630.9988310 -0.636959
2459631.0000810 -0.640441
2459631.0012616 -0.641570
2459631.0026852 -0.663253
2459631.0039352 -0.666394
2459631.0051273 -0.701597
2459631.0063657 -0.709982
2459631.0077315 -0.760839
2459631.0090856 -0.768684
2459631.0103241 -0.878022
2459631.0116898 -0.928066
2459631.0129398 -1.097097
2459631.0142245 -1.055879
2459631.0156829 -1.207812
2459631.0170370 -1.498700
2459631.0183218 -1.513346
2459631.0196759 -1.830752
2459631.0209606 -1.951217
2459631.0222454 -2.072108
2459631.0235995 -2.253916
2459631.0248148 -2.628114
2459631.0261111 -2.722173
2459631.0274190 -3.009611
2459631.0288426 -3.439007
2459631.0300810 -3.459538
2459631.0314468 -3.802178
2459631.0328009 -3.730995
2459631.0341435 -4.444515
2459631.0355093 -4.672579