 2459630.7541782 -0.556578 
 2459630.7552662 -0.559693 
 2459630.7564468 -0.587911 
 2459630.7575463 -0.555558 
 2459630.7586227  -0.57918 
 2459630.7597106 -0.552465 
 2459630.7608565 -0.553143 
 2459630.7619676 -0.564963 
 2459630.7630093 -0.518657 
 2459630.7641435 -0.517617 
 2459630.7652315 -0.500608 
 2459630.7663079 -0.517997 
 2459630.7673495 -0.500351 
 2459630.7684259 -0.497598 
 2459630.7696065 -0.496492 
 2459630.7707176 -0.498938 
 2459630.7718287 -0.525437 
 2459630.7729745 -0.488996 
 2459630.7740972  -0.48753 
 2459630.7753125 -0.494007 
  2459630.776412 -0.499921 
 2459630.7775347 -0.473444 
 2459630.7786458 -0.494002 
 2459630.7797801 -0.481081 
 2459630.7808218 -0.480817 
 2459630.7819792 -0.468623 
 2459630.7831713  -0.46988 
 2459630.7843403 -0.451455 
  2459630.785544 -0.479132 
 2459630.7866667 -0.462401 
 2459630.7891551 -0.451634 
  2459630.790162 -0.450309 
 2459630.7911574 -0.462745 
 2459630.7920949 -0.450608 
 2459630.7930324 -0.474671 
 2459630.7940856 -0.473246 
 2459630.7950926 -0.488173 
 2459630.7960648 -0.473264 
 2459630.7971065 -0.476264 
 2459630.7981019   -0.4756 
 2459630.7991088 -0.481464 
 2459630.8000926 -0.480692 
 2459630.8011921 -0.487967 
 2459630.8022106 -0.487102 
  2459630.803287 -0.484162 
 2459630.8042477  -0.51687 
 2459630.8053935 -0.506862 
 2459630.8064005 -0.504534 
  2459630.807419 -0.494595 
 2459630.8085301 -0.513472 
 2459630.8096412 -0.509746 
 2459630.8106481 -0.518529 
 2459630.8116898 -0.513978 
 2459630.8126968 -0.537221 
 2459630.8137037 -0.533393 
 2459630.8146991 -0.538536 
  2459630.815706 -0.547963 
 2459630.8167245 -0.544871 
 2459630.8177546 -0.568556 
 2459630.8187616 -0.552954 
 2459630.8197454  -0.56819 
 2459630.8207407 -0.568756 
  2459630.824456 -0.584159 
 2459630.8255324 -0.636895 
 2459630.8265394 -0.592629 
 2459630.8275579 -0.602107 
 2459630.8286227 -0.595878 
 2459630.8296412 -0.604299 
 2459630.8306944 -0.596776 
 2459630.8317593 -0.599564 
 2459630.8328009 -0.629568 
 2459630.8338542 -0.600376 
  2459630.834919 -0.600327 
 2459630.8359259  -0.61036 
 2459630.8369907 -0.610483 
 2459630.8380787 -0.609077 
 2459630.8391435 -0.617277 
 2459630.8401968 -0.607824 
 2459630.8413194 -0.600203 
 2459630.8423495 -0.647965 
 2459630.8451273 -0.602627 
  2459630.846169 -0.568233 
 2459630.8471875 -0.670712 
 2459630.8482639 -0.614875 
  2459630.849294 -0.587673 
 2459630.8503704 -0.610366 
 2459630.8514468 -0.588473 
    2459630.8525  -0.58876 
 2459630.8535995 -0.584764 
 2459630.8546412 -0.655183 
 2459630.8557523 -0.651122 
 2459630.8568634 -0.604622 
 2459630.8579398 -0.619452 
 2459630.8590278 -0.608352 
 2459630.8600694 -0.586651 
 2459630.8611227 -0.601185 
 2459630.8622106 -0.582894 
 2459630.8633218 -0.577509 
 2459630.8644444 -0.587027 
 2459630.8654745 -0.623514 
 2459630.8665856 -0.558721 
 2459630.8676968 -0.552414 
 2459630.8687616 -0.567142 
 2459630.8698495 -0.624184 
 2459630.8708912 -0.621022 
 2459630.8720255 -0.623621 
 2459630.8731829 -0.626708 
 2459630.8743634 -0.585212 
  2459630.875544 -0.614776 
 2459630.8766551 -0.606662 
 2459630.8778356 -0.614284 
 2459630.8791088 -0.613578 
 2459630.8802315  -0.63007 
 2459630.8814815 -0.631967 
 2459630.8827431 -0.617574 
 2459630.8840046 -0.607627 
 2459630.8852431 -0.581184 
 2459630.8865741 -0.616348 
 2459630.8877083 -0.610505 
 2459630.8988542 -0.611201 
 2459630.9001505 -0.618847 
 2459630.9013194 -0.624092 
  2459630.902581 -0.605707 
 2459630.9038426 -0.580537 
 2459630.9048843 -0.595896 
 2459630.9060301 -0.622446 
 2459630.9070718 -0.643143 
 2459630.9082176  -0.64256 
 2459630.9093287 -0.616218 
  2459630.910463 -0.651177 
 2459630.9116204 -0.640584 
 2459630.9127662 -0.627496 
 2459630.9138426 -0.626312 
 2459630.9149537 -0.658257 
 2459630.9160995 -0.670134 
 2459630.9171412 -0.731695 
 2459630.9183218  -0.77851 
  2459630.919537 -0.861228 
 2459630.9206829 -0.888332 
 2459630.9218287 -0.968588 
 2459630.9229745 -0.842317 
 2459630.9241204 -0.972107 
 2459630.9252662 -0.978053 
  2459630.926412 -0.548361 
 2459630.9275579 -0.582526 
 2459630.9287037 -0.548016 
 2459630.9298495 -0.553639 
 2459630.9309954 -0.539377 
 2459630.9321528 -0.543608 
 2459630.9333218 -0.558337 
 2459630.9345718 -0.523429 
 2459630.9356134 -0.558196 
 2459630.9367593 -0.517013 
 2459630.9379051 -0.518053 
 2459630.9390509 -0.519761 
 2459630.9400926 -0.528043 
 2459630.9412384 -0.496125 
 2459630.9424884  -0.51362 
 2459630.9447801 -0.456075 
 2459630.9460301 -0.529563 
 2459630.9472222  -0.46481 
 2459630.9485417 -0.530872 
 2459630.9496875 -0.417578 
 2459630.9508333 -0.489935 
 2459630.9519792 -0.473664 
 2459630.9532407 -0.518188 
  2459630.954375 -0.435576 
 2459630.9555208 -0.473173 
 2459630.9566782 -0.415176 
 2459630.9579167 -0.468042 
 2459630.9590625 -0.411533 
 2459630.9603125 -0.447431 
 2459630.9615741 -0.482881 
 2459630.9626042 -0.492762 
 2459630.9638657 -0.485458 
 2459630.9682523 -0.499607 
 2459630.9695255 -0.496632 
 2459630.9706713 -0.489357 
 2459630.9718171 -0.504279 
  2459630.972963 -0.488995 
  2459630.974213 -0.475968 
 2459630.9752894 -0.504255 
 2459630.9765394  -0.50401 
 2459630.9777894 -0.489615 
 2459630.9790394 -0.500668 
 2459630.9803241 -0.516708 
 2459630.9815741 -0.506642 
 2459630.9828241 -0.503118 
 2459630.9841088 -0.483261 
 2459630.9853588 -0.533718 
 2459630.9865046 -0.532483 
 2459630.9877546 -0.553766 
 2459630.9889005 -0.548804 
 2459630.9901505  -0.58143 
 2459630.9912963 -0.571856 
 2459630.9924769 -0.603969 
 2459630.9937616  -0.59131 
 2459630.9951505 -0.594525 
 2459630.9975463 -0.623573 
  2459630.998831 -0.636959 
  2459631.000081 -0.640441 
 2459631.0012616  -0.64157 
 2459631.0026852 -0.663253 
 2459631.0039352 -0.666394 
 2459631.0051273 -0.701597 
 2459631.0063657 -0.709982 
 2459631.0077315 -0.760839 
 2459631.0090856 -0.768684 
 2459631.0103241 -0.878022 
 2459631.0116898 -0.928066 
