 2459630.7541782 0.00000 -0.556578 
 2459630.9241204 0.00013 -0.972107 
 2459630.7552662 0.00640 -0.559693 
 2459630.9252662 0.00687 -0.978053 
 2459630.7564468 0.01335 -0.587911 
  2459630.926412 0.01362 -0.548361 
 2459630.7575463 0.01982 -0.555558 
 2459630.9275579 0.02036 -0.582526 
 2459630.7586227 0.02616 -0.57918 
 2459630.9287037 0.02710 -0.548016 
 2459630.7597106 0.03256 -0.552465 
 2459630.9298495 0.03385 -0.553639 
 2459630.7608565 0.03930 -0.553143 
 2459630.9309954 0.04059 -0.539377 
 2459630.7619676 0.04584 -0.564963 
 2459630.9321528 0.04740 -0.543608 
 2459630.7630093 0.05197 -0.518657 
 2459630.9333218 0.05428 -0.558337 
 2459630.7641435 0.05865 -0.517617 
 2459630.9345718 0.06164 -0.523429 
 2459630.7652315 0.06505 -0.500608 
 2459630.9356134 0.06777 -0.558196 
 2459630.7663079 0.07138 -0.517997 
 2459630.9367593 0.07451 -0.517013 
 2459630.7673495 0.07751 -0.500351 
 2459630.9379051 0.08126 -0.518053 
 2459630.7684259 0.08385 -0.497598 
 2459630.9390509 0.08800 -0.519761 
 2459630.7696065 0.09080 -0.496492 
 2459630.9400926 0.09413 -0.528043 
 2459630.7707176 0.09734 -0.498938 
 2459630.9412384 0.10087 -0.496125 
 2459630.7718287 0.10388 -0.525437 
 2459630.9424884 0.10823  -0.51362 
 2459630.7729745 0.11062 -0.488996 
 2459630.7740972 0.11723  -0.48753 
 2459630.9447801 0.12172 -0.456075 
 2459630.7753125 0.12438 -0.494007 
 2459630.9460301 0.12907 -0.529563 
  2459630.776412 0.13085 -0.499921 
 2459630.9472222 0.13609  -0.46481 
 2459630.7775347 0.13746 -0.473444 
 2459630.9485417 0.14385 -0.530872 
 2459630.7786458 0.14399 -0.494002 
 2459630.9496875 0.15060 -0.417578 
 2459630.7797801 0.15067 -0.481081 
 2459630.7808218 0.15680 -0.480817 
 2459630.9508333 0.15734 -0.489935 
 2459630.7819792 0.16361 -0.468623 
 2459630.9519792 0.16408 -0.473664 
 2459630.7831713 0.17063  -0.46988 
 2459630.9532407 0.17151 -0.518188 
 2459630.7843403 0.17751 -0.451455 
  2459630.954375 0.17818 -0.435576 
  2459630.785544 0.18459 -0.479132 
 2459630.9555208 0.18493 -0.473173 
 2459630.7866667 0.19120 -0.462401 
 2459630.9566782 0.19174 -0.415176 
 2459630.9579167 0.19903 -0.468042 
 2459630.9590625 0.20577 -0.411533 
 2459630.7891551 0.20584 -0.451634 
  2459630.790162 0.21177 -0.450309 
 2459630.9603125 0.21313 -0.447431 
 2459630.7911574 0.21763 -0.462745 
 2459630.9615741 0.22055 -0.482881 
 2459630.7920949 0.22314 -0.450608 
 2459630.9626042 0.22661 -0.492762 
 2459630.7930324 0.22866 -0.474671 
 2459630.9638657 0.23404 -0.485458 
 2459630.7940856 0.23486 -0.473246 
 2459630.7950926 0.24079 -0.488173 
 2459630.7960648 0.24651 -0.473264 
 2459630.7971065 0.25264 -0.476264 
 2459630.7981019 0.25850   -0.4756 
 2459630.9682523 0.25985 -0.499607 
 2459630.7991088 0.26442 -0.481464 
 2459630.9695255 0.26735 -0.496632 
 2459630.8000926 0.27021 -0.480692 
 2459630.9706713 0.27409 -0.489357 
 2459630.8011921 0.27668 -0.487967 
 2459630.9718171 0.28083 -0.504279 
 2459630.8022106 0.28268 -0.487102 
  2459630.972963 0.28758 -0.488995 
  2459630.803287 0.28901 -0.484162 
 2459630.8042477 0.29467  -0.51687 
  2459630.974213 0.29493 -0.475968 
 2459630.9752894 0.30127 -0.504255 
 2459630.8053935 0.30141 -0.506862 
 2459630.8064005 0.30733 -0.504534 
 2459630.9765394 0.30862  -0.50401 
  2459630.807419 0.31333 -0.494595 
 2459630.9777894 0.31598 -0.489615 
 2459630.8085301 0.31987 -0.513472 
 2459630.9790394 0.32334 -0.500668 
 2459630.8096412 0.32641 -0.509746 
 2459630.9803241 0.33090 -0.516708 
 2459630.8106481 0.33233 -0.518529 
 2459630.9815741 0.33825 -0.506642 
 2459630.8116898 0.33846 -0.513978 
 2459630.8126968 0.34439 -0.537221 
 2459630.9828241 0.34561 -0.503118 
 2459630.8137037 0.35031 -0.533393 
 2459630.9841088 0.35317 -0.483261 
 2459630.8146991 0.35617 -0.538536 
 2459630.9853588 0.36053 -0.533718 
  2459630.815706 0.36210 -0.547963 
 2459630.9865046 0.36727 -0.532483 
 2459630.8167245 0.36809 -0.544871 
 2459630.8177546 0.37415 -0.568556 
 2459630.9877546 0.37463 -0.553766 
 2459630.8187616 0.38008 -0.552954 
 2459630.9889005 0.38137 -0.548804 
 2459630.8197454 0.38587  -0.56819 
 2459630.9901505 0.38873  -0.58143 
 2459630.8207407 0.39173 -0.568756 
 2459630.9912963 0.39547 -0.571856 
 2459630.9924769 0.40242 -0.603969 
 2459630.9937616 0.40998  -0.59131 
  2459630.824456 0.41359 -0.584159 
 2459630.9951505 0.41815 -0.594525 
 2459630.8255324 0.41993 -0.636895 
 2459630.8265394 0.42585 -0.592629 
 2459630.8275579 0.43185 -0.602107 
 2459630.9975463 0.43225 -0.623573 
 2459630.8286227 0.43811 -0.595878 
  2459630.998831 0.43981 -0.636959 
 2459630.8296412 0.44411 -0.604299 
  2459631.000081 0.44717 -0.640441 
 2459630.8306944 0.45031 -0.596776 
 2459631.0012616 0.45412  -0.64157 
 2459630.8317593 0.45657 -0.599564 
 2459631.0026852 0.46249 -0.663253 
 2459630.8328009 0.46270 -0.629568 
 2459630.8338542 0.46890 -0.600376 
 2459631.0039352 0.46985 -0.666394 
  2459630.834919 0.47517 -0.600327 
 2459631.0051273 0.47687 -0.701597 
 2459630.8359259 0.48110  -0.61036 
 2459631.0063657 0.48415 -0.709982 
 2459630.8369907 0.48736 -0.610483 
 2459631.0077315 0.49219 -0.760839 
 2459630.8380787 0.49376 -0.609077 
 2459630.8391435 0.50003 -0.617277 
 2459631.0090856 0.50016 -0.768684 
 2459630.8401968 0.50623 -0.607824 
 2459631.0103241 0.50745 -0.878022 
 2459630.8413194 0.51284 -0.600203 
 2459631.0116898 0.51549 -0.928066 
 2459630.8423495 0.51890 -0.647965 
 2459630.8451273 0.53525 -0.602627 
  2459630.846169 0.54138 -0.568233 
 2459630.8471875 0.54737 -0.670712 
 2459630.8482639 0.55371 -0.614875 
  2459630.849294 0.55977 -0.587673 
 2459630.8503704 0.56610 -0.610366 
 2459630.8514468 0.57244 -0.588473 
    2459630.8525 0.57864  -0.58876 
 2459630.8535995 0.58511 -0.584764 
 2459630.8546412 0.59124 -0.655183 
 2459630.8557523 0.59778 -0.651122 
 2459630.8568634 0.60431 -0.604622 
 2459630.8579398 0.61065 -0.619452 
 2459630.8590278 0.61705 -0.608352 
 2459630.8600694 0.62318 -0.586651 
 2459630.8611227 0.62938 -0.601185 
 2459630.8622106 0.63578 -0.582894 
 2459630.8633218 0.64232 -0.577509 
 2459630.8644444 0.64893 -0.587027 
 2459630.8654745 0.65499 -0.623514 
 2459630.8665856 0.66153 -0.558721 
 2459630.8676968 0.66807 -0.552414 
 2459630.8687616 0.67434 -0.567142 
 2459630.8698495 0.68074 -0.624184 
 2459630.8708912 0.68687 -0.621022 
 2459630.8720255 0.69355 -0.623621 
 2459630.8731829 0.70036 -0.626708 
 2459630.8743634 0.70730 -0.585212 
  2459630.875544 0.71425 -0.614776 
 2459630.8766551 0.72079 -0.606662 
 2459630.8778356 0.72774 -0.614284 
 2459630.8791088 0.73523 -0.613578 
 2459630.8802315 0.74184  -0.63007 
 2459630.8814815 0.74920 -0.631967 
 2459630.8827431 0.75662 -0.617574 
 2459630.8840046 0.76404 -0.607627 
 2459630.8852431 0.77133 -0.581184 
 2459630.8865741 0.77917 -0.616348 
 2459630.8877083 0.78584 -0.610505 
 2459630.8988542 0.85144 -0.611201 
 2459630.9001505 0.85906 -0.618847 
 2459630.9013194 0.86594 -0.624092 
  2459630.902581 0.87337 -0.605707 
 2459630.9038426 0.88079 -0.580537 
 2459630.9048843 0.88692 -0.595896 
 2459630.9060301 0.89367 -0.622446 
 2459630.9070718 0.89980 -0.643143 
 2459630.9082176 0.90654  -0.64256 
 2459630.9093287 0.91308 -0.616218 
  2459630.910463 0.91976 -0.651177 
 2459630.9116204 0.92657 -0.640584 
 2459630.9127662 0.93331 -0.627496 
 2459630.9138426 0.93964 -0.626312 
 2459630.9149537 0.94618 -0.658257 
 2459630.9160995 0.95293 -0.670134 
 2459630.9171412 0.95906 -0.731695 
 2459630.9183218 0.96601  -0.77851 
  2459630.919537 0.97316 -0.861228 
 2459630.9206829 0.97990 -0.888332 
 2459630.9218287 0.98664 -0.968588 
 2459630.9229745 0.99339 -0.842317 
 2459630.7541782 1.00000 -0.556578 
 2459630.9241204 1.00013 -0.972107 
 2459630.7552662 1.00640 -0.559693 
 2459630.9252662 1.00687 -0.978053 
 2459630.7564468 1.01335 -0.587911 
  2459630.926412 1.01362 -0.548361 
 2459630.7575463 1.01982 -0.555558 
 2459630.9275579 1.02036 -0.582526 
 2459630.7586227 1.02616  -0.57918 
 2459630.9287037 1.02710 -0.548016 
 2459630.7597106 1.03256 -0.552465 
 2459630.9298495 1.03385 -0.553639 
 2459630.7608565 1.03930 -0.553143 
 2459630.9309954 1.04059 -0.539377 
 2459630.7619676 1.04584 -0.564963 
 2459630.9321528 1.04740 -0.543608 
 2459630.7630093 1.05197 -0.518657 
 2459630.9333218 1.05428 -0.558337 
 2459630.7641435 1.05865 -0.517617 
 2459630.9345718 1.06164 -0.523429 
 2459630.7652315 1.06505 -0.500608 
 2459630.9356134 1.06777 -0.558196 
 2459630.7663079 1.07138 -0.517997 
 2459630.9367593 1.07451 -0.517013 
 2459630.7673495 1.07751 -0.500351 
 2459630.9379051 1.08126 -0.518053 
 2459630.7684259 1.08385 -0.497598 
 2459630.9390509 1.08800 -0.519761 
 2459630.7696065 1.09080 -0.496492 
 2459630.9400926 1.09413 -0.528043 
 2459630.7707176 1.09734 -0.498938 
 2459630.9412384 1.10087 -0.496125 
 2459630.7718287 1.10388 -0.525437 
 2459630.9424884 1.10823  -0.51362 
 2459630.7729745 1.11062 -0.488996 
 2459630.7740972 1.11723  -0.48753 
 2459630.9447801 1.12172 -0.456075 
 2459630.7753125 1.12438 -0.494007 
 2459630.9460301 1.12907 -0.529563 
  2459630.776412 1.13085 -0.499921 
 2459630.9472222 1.13609  -0.46481 
 2459630.7775347 1.13746 -0.473444 
 2459630.9485417 1.14385 -0.530872 
 2459630.7786458 1.14399 -0.494002 
 2459630.9496875 1.15060 -0.417578 
 2459630.7797801 1.15067 -0.481081 
 2459630.7808218 1.15680 -0.480817 
 2459630.9508333 1.15734 -0.489935 
 2459630.7819792 1.16361 -0.468623 
 2459630.9519792 1.16408 -0.473664 
 2459630.7831713 1.17063  -0.46988 
 2459630.9532407 1.17151 -0.518188 
 2459630.7843403 1.17751 -0.451455 
  2459630.954375 1.17818 -0.435576 
  2459630.785544 1.18459 -0.479132 
 2459630.9555208 1.18493 -0.473173 
 2459630.7866667 1.19120 -0.462401 
 2459630.9566782 1.19174 -0.415176 
 2459630.9579167 1.19903 -0.468042 
 2459630.9590625 1.20577 -0.411533 
 2459630.7891551 1.20584 -0.451634 
  2459630.790162 1.21177 -0.450309 
 2459630.9603125 1.21313 -0.447431 
 2459630.7911574 1.21763 -0.462745 
 2459630.9615741 1.22055 -0.482881 
 2459630.7920949 1.22314 -0.450608 
 2459630.9626042 1.22661 -0.492762 
 2459630.7930324 1.22866 -0.474671 
 2459630.9638657 1.23404 -0.485458 
 2459630.7940856 1.23486 -0.473246 
 2459630.7950926 1.24079 -0.488173 
 2459630.7960648 1.24651 -0.473264 
 2459630.7971065 1.25264 -0.476264 
 2459630.7981019 1.25850   -0.4756 
 2459630.9682523 1.25985 -0.499607 
 2459630.7991088 1.26442 -0.481464 
 2459630.9695255 1.26735 -0.496632 
 2459630.8000926 1.27021 -0.480692 
 2459630.9706713 1.27409 -0.489357 
 2459630.8011921 1.27668 -0.487967 
 2459630.9718171 1.28083 -0.504279 
 2459630.8022106 1.28268 -0.487102 
  2459630.972963 1.28758 -0.488995 
  2459630.803287 1.28901 -0.484162 
 2459630.8042477 1.29467  -0.51687 
  2459630.974213 1.29493 -0.475968 
 2459630.9752894 1.30127 -0.504255 
 2459630.8053935 1.30141 -0.506862 
 2459630.8064005 1.30733 -0.504534 
 2459630.9765394 1.30862  -0.50401 
  2459630.807419 1.31333 -0.494595 
 2459630.9777894 1.31598 -0.489615 
 2459630.8085301 1.31987 -0.513472 
 2459630.9790394 1.32334 -0.500668 
 2459630.8096412 1.32641 -0.509746 
 2459630.9803241 1.33090 -0.516708 
 2459630.8106481 1.33233 -0.518529 
 2459630.9815741 1.33825 -0.506642 
 2459630.8116898 1.33846 -0.513978 
 2459630.8126968 1.34439 -0.537221 
 2459630.9828241 1.34561 -0.503118 
 2459630.8137037 1.35031 -0.533393 
 2459630.9841088 1.35317 -0.483261 
 2459630.8146991 1.35617 -0.538536 
 2459630.9853588 1.36053 -0.533718 
  2459630.815706 1.36210 -0.547963 
 2459630.9865046 1.36727 -0.532483 
 2459630.8167245 1.36809 -0.544871 
 2459630.8177546 1.37415 -0.568556 
 2459630.9877546 1.37463 -0.553766 
 2459630.8187616 1.38008 -0.552954 
 2459630.9889005 1.38137 -0.548804 
 2459630.8197454 1.38587  -0.56819 
 2459630.9901505 1.38873  -0.58143 
 2459630.8207407 1.39173 -0.568756 
 2459630.9912963 1.39547 -0.571856 
 2459630.9924769 1.40242 -0.603969 
 2459630.9937616 1.40998  -0.59131 
  2459630.824456 1.41359 -0.584159 
 2459630.9951505 1.41815 -0.594525 
 2459630.8255324 1.41993 -0.636895 
 2459630.8265394 1.42585 -0.592629 
 2459630.8275579 1.43185 -0.602107 
 2459630.9975463 1.43225 -0.623573 
 2459630.8286227 1.43811 -0.595878 
  2459630.998831 1.43981 -0.636959 
 2459630.8296412 1.44411 -0.604299 
  2459631.000081 1.44717 -0.640441 
 2459630.8306944 1.45031 -0.596776 
 2459631.0012616 1.45412  -0.64157 
 2459630.8317593 1.45657 -0.599564 
 2459631.0026852 1.46249 -0.663253 
 2459630.8328009 1.46270 -0.629568 
 2459630.8338542 1.46890 -0.600376 
 2459631.0039352 1.46985 -0.666394 
  2459630.834919 1.47517 -0.600327 
 2459631.0051273 1.47687 -0.701597 
 2459630.8359259 1.48110  -0.61036 
 2459631.0063657 1.48415 -0.709982 
 2459630.8369907 1.48736 -0.610483 
 2459631.0077315 1.49219 -0.760839 
 2459630.8380787 1.49376 -0.609077 
 2459630.8391435 1.50003 -0.617277 
 2459631.0090856 1.50016 -0.768684 
 2459630.8401968 1.50623 -0.607824 
 2459631.0103241 1.50745 -0.878022 
 2459630.8413194 1.51284 -0.600203 
 2459631.0116898 1.51549 -0.928066 
 2459630.8423495 1.51890 -0.647965 
 2459630.8451273 1.53525 -0.602627 
  2459630.846169 1.54138 -0.568233 
 2459630.8471875 1.54737 -0.670712 
 2459630.8482639 1.55371 -0.614875 
  2459630.849294 1.55977 -0.587673 
 2459630.8503704 1.56610 -0.610366 
 2459630.8514468 1.57244 -0.588473 
    2459630.8525 1.57864  -0.58876 
 2459630.8535995 1.58511 -0.584764 
 2459630.8546412 1.59124 -0.655183 
 2459630.8557523 1.59778 -0.651122 
 2459630.8568634 1.60431 -0.604622 
 2459630.8579398 1.61065 -0.619452 
 2459630.8590278 1.61705 -0.608352 
 2459630.8600694 1.62318 -0.586651 
 2459630.8611227 1.62938 -0.601185 
 2459630.8622106 1.63578 -0.582894 
 2459630.8633218 1.64232 -0.577509 
 2459630.8644444 1.64893 -0.587027 
 2459630.8654745 1.65499 -0.623514 
 2459630.8665856 1.66153 -0.558721 
 2459630.8676968 1.66807 -0.552414 
 2459630.8687616 1.67434 -0.567142 
 2459630.8698495 1.68074 -0.624184 
 2459630.8708912 1.68687 -0.621022 
 2459630.8720255 1.69355 -0.623621 
 2459630.8731829 1.70036 -0.626708 
 2459630.8743634 1.70730 -0.585212 
  2459630.875544 1.71425 -0.614776 
 2459630.8766551 1.72079 -0.606662 
 2459630.8778356 1.72774 -0.614284 
 2459630.8791088 1.73523 -0.613578 
 2459630.8802315 1.74184  -0.63007 
 2459630.8814815 1.74920 -0.631967 
 2459630.8827431 1.75662 -0.617574 
 2459630.8840046 1.76404 -0.607627 
 2459630.8852431 1.77133 -0.581184 
 2459630.8865741 1.77917 -0.616348 
 2459630.8877083 1.78584 -0.610505 
 2459630.8988542 1.85144 -0.611201 
 2459630.9001505 1.85906 -0.618847 
 2459630.9013194 1.86594 -0.624092 
  2459630.902581 1.87337 -0.605707 
 2459630.9038426 1.88079 -0.580537 
 2459630.9048843 1.88692 -0.595896 
 2459630.9060301 1.89367 -0.622446 
 2459630.9070718 1.89980 -0.643143 
 2459630.9082176 1.90654  -0.64256 
 2459630.9093287 1.91308 -0.616218 
  2459630.910463 1.91976 -0.651177 
 2459630.9116204 1.92657 -0.640584 
 2459630.9127662 1.93331 -0.627496 
 2459630.9138426 1.93964 -0.626312 
 2459630.9149537 1.94618 -0.658257 
 2459630.9160995 1.95293 -0.670134 
 2459630.9171412 1.95906 -0.731695 
 2459630.9183218 1.96601  -0.77851 
  2459630.919537 1.97316 -0.861228 
 2459630.9206829 1.97990 -0.888332 
 2459630.9218287 1.98664 -0.968588 
 2459630.9229745 1.99339 -0.842317 
